$ANSIBLE_VAULT;1.1;AES256
63653835326361343639626162306532653632643930623337336266326465316266643963386332
3731653333346132656638313832343732623235363362380a633361653635323739383338643834
37613661633464333738366162313065323862346636303638336433626166663136383330326636
6561363339326637350a373362363632623034343661656636356230396166666339653131616339
39343236383831363766366336653530363037356233346137353664613866666531346265316236
61396135643537333764613537313539623733363666333437643538333761313530383537336431
30643233333361363733363135626265653461393836366133313536633562646231383463616463
65393964366361353637313130663431306163303833343765666262653733646365643939636465
38366666376635666463643835643261373461653135356664333436313731393065616466393031
37663764666632633933373661633132623063613633613762663336346630336136663266313133
62353532653935623631623430613832616634303064373264373536376266323832343632633934
63643130653438326563353264636232663561616631303635393533323436313835323633373032
39393032333666623439326534353733636561623236633765333733323265336662343365613737
62643131633262633133336138373338306439393038363439396363613831653432643930333636
61656532323935353463393563306639643762343063353231396536333638323838623230663333
63316364393436373933383637353232666562633364313566393766636437326665343838633335
65393731656635616464303062656331306533633961373639373562326434666464386130306661
64653365303835626539333435336362393364313964356166663665303861333361616434353962
30656161633331366561316666633665326537623762333330613335363738376265383932326166
33356137393262373064633438376162323762346436323537636135653034316462633132653966
64346132363138346162643862366661333062333765356436613335383833343038366430336630
35396163333430306465363536336633626631633330373834616165356562393264333637663433
36363133653135353438363232363862656134663834383162656233316236383664636430643335
38346632323130653437333937353935326535623536663266663235373862323564396161383230
62303161636535386265323265373963323231316564663565646166333439626636353562313562
34383036346663643536656331333165623266663536386134303764333436616365363736353330
35316565616333326565656261623334666165386230653332613632666131333033366637613762
39363362353766623139336464323561363332613065343535393034376561326437666133633832
37333131326337386161386537383736386364356663353639613063376566356638323339653038
35613764613438653636343966343466363538633739613832643639386633396564666330326562
34616230633462363362343239653633643037326366666361313663326162333538616332333061
33613965343635643539326533393735303739333035363332623238313431326562396363363131
34373565633865353730613232326130646631633033343366313536643934313232343265613233
39303763613461643233383332323139333237663866366631353130306437396634373163613635
31303664663563306361633732353032336437343365616261613736313537393932396430323038
34316330363161383662613430636164376161393933613030396431626536653434393863333864
31306331336335386633313536616563363564653361636534353336306163396132623338666333
39613966396530613036333564613264653138313634323136363834346530616161333566346162
32666332646364333138633563363666646161363738383936663161346237383132306238646162
61663135333836616166663866373832313338623033646266333734653032633638343966356134
34663363633838363639643936653238643965313761353362383135313936633061323034373132
62613862353632613664396461333839636466663938333033363933333434346236393835633032
32646232633334326236346234366333663339663333616166393466373838666131363939363335
32363639393561303164306232323264383838646531633233333962333338333362636438633562
66623261366537626231343366626561646266363832623162303635326536353665386632646335
63666339346561353339316465653436376664633161336633616536613261363165336239336431
31386462623261383934323331666664383238303763666664356364343836306130393031396234
61323933616661396237363361363233636462363932343664343333653763623066623436613438
32633832383430373938666237353736653664306136636261363931616236353366363131303038
36636162373961383838613833343862306562393565313263313263306461663238666430623236
63653335616164666465663436373939646234333763666331303130613865623362336366396234
65643032643935306237313362363137663433613934343165393333373930393566393230333364
61386334636464303835346265383161353966393165343338326566623865393835343732333636
61613364323130623334353466373462313066643662393235633033353061366235363133656136
39353666396563343866646337313663643638396238343531663162383933386463363161653361
63393834396164616462666465616532303832323863383664623832376134366234366663386233
38386234656636623732383039346461343833313561663761343732633831666662383462656436
61386334323961346637386238623531343533636533383734643464323332646430383963326235
35363939353230633333653932393238303839306537323461646562326462323232313664356234
34663562306163323161663430393734613266313563326530303538626136653065313632333365
37666466643865663364353737376136373035653233363566653566386566363333363135376562
62333966363836303065313962666633633038396138376463613665306136653736616432633336
39356266613161653463666531353034313537663335656334653162346365656435653939353164
31636635373135633035666265626331356562633530376332383233333138323264646531646239
62383437393833376463356332323031386539653763623337346633373630616634643932326433
62373532393265376262323735336166303036386166316166616363626634643130666265323439
64393132346539346136616164326465353764333437663364313133383238636132613933343231
63366332303236306233663761383536303234656536663433386134643139393637666334353431
63353032633134306531613462383233316238653433613632656266653236396236623636333162
66353439383732393566343330633137623434356634306234623033313962336236343239313533
31633236323762616466616131386464313863383938343034313632633737653631613030643965
62653663636134386665383931393764613662396530333662343766306636363966333135653039
30626665373764633637376239646236613865353238303163366630613262326137303731646133
65333833326333616565313235373238626236333038353836633432623737313539316337653735
39373338653665623738326530373565373962633835313164313664613364343534643961363632
30613361643934313537306331623939386338386434383736616263373933633465323165656433
63613738613866393638386664633139633930646535353337653534333631623563336639303734
62323538356132303531356330303838383237616230346363643363666662643337316236343962
30353365626666303464346562333563373239353862623063326462363632613233373330353538
38653535636333363566306631613335306261393037643038356234663662653237373738323766
37353731396134326532373264306636363565306236613066613265333838396636646362646534
64626164396363313166323733306132663864303333623037336163643032613838636563306432
37613762626434306430396433393238326335623535323366323833356236316230343630326433
64653765373933393461616538636265366238303464363934326638386465643936353266616137
38373332623137353765303366386634326136626466316564626263303639373334636531633737
38646138653763643664386539336431623132363339366630346535643535613039613431666539
35353539626165373466383234373837633936373333303765313834326162626138346134626434
31363833393139316135313134343832383662313931333565623533376466323666376133663836
39346665376562303565323136376665636461643430623065393665646130653834616233636239
34306539613937346633346161373430663665326637663135333032666665393132303363346330
39346261376234376630636230323837356238386161303566343365363139626564303332356361
37626332303563373466396235366633333330623330633631636236343539643334666333343965
33316232376239663032333334656165306664386639373361366463316230313661383030386533
37383865656238633634643237316631666232343839653665336230363233626134633032623937
30353331383933633265363536626136333437383130656639623734396538613730623838336161
33323030363362376235626532623033336662353864373334326531383261363935623030353438
35626238646133353230663234343933613733306262363965333035653633343131363539306432
38653732373635356630383734613031643639313163626565613966303566343732646237396336
63666231653532623463343063653864386461313266376361373734633533343637353862343361
38653934643562373466316130323437386434663361373565623565366361356336646137383936
61643064333136393731643765366137303530343361613430386631313432346666646662323363
38303466316263346530656235613439333936656239663938383464303939626239656438386339
32393331666365376561653835616431636465316363396137393766303066393137393338613065
36653030383230373435326436643937643536376337336534356239653961383537316535663539
36326633363731363434333534396562353339663936643635356132626132353962316237376165
38366437626461306338323437616531623861343063383765336334383732643836313761383662
36656162303838616363623762626637663164616137336365306133623837363439346439623734
33663065353933656237373864343234613964633735653336356566306230343637353334313737
39393265316432393035663361373165373163303666636334373834616534306434303565396665
34613735646431613265653166353637656333393034663963316630383830303937363664303134
63343938366233633431346638333739613135306364653236346161613962363135383533303435
35616265613133356235333135643631636338313733386165626336656163306134303064653561
38643561346137366136663162313038656434363563376434623139613835313332376532653930
39356466363330303133396630303633613438366330376461326365613533366562653938383132
37366262346135653664373562373834333832343564303333333731346264366137646366353436
61373133366631313139616339666434376337633938323738653934666131373936336636353763
65386261353031643330393332323538313937663532653866333632633738656161656633646535
35646464636134643462383762633666376538643231636334666336373539363633353736663237
61323234666636376365366666383262363231383562316531363437653438376364323064313538
36646163336163626633346139336566336664343039643630646362663863626332303962343665
63663530643034343630326331646461393762653633386164303762356534623835396564643764
63666166663161326439323237313330626666346131366436316464656236613234656231663164
34633333333165363236613834643737393338336563356234343235383961383433343762303935
34623066646430363862633335366366333364346366333665356132623231663138376462633431
36656235373366613536313164306330356461643730343665316562653566356634653432346563
32346338366364353534343133353666353733323366306466306663353863326563613666353431
64383139623435656434653330373630343738363935316437636237326365396231646363306332
36366335353637353763613035373563633839386637643963363131373838353464626661323232
61313266376637356233333832636336636162313963366235653161643663626465646161646136
30653534376335623566336266646138616132373239323662623532626236653663623534383138
63353639343130633835396133646163363965633166643234663136383962306136633732633239
31616463323562623561393761346630316263386638316130626565343234646564343137333163
38653234326663393763616133373939373430643764323536343132363232616639393039376236
63663036666261633463663038616538643464633864316165336537383235646661346365323862
31336530373336396162323061393338646133323562636162626532353935313963346561333638
32366531313863316133643937373137613336343332313731356662323036626130326338343763
31313936616536336433343433303839626364656237633762616362383261643164616633333764
31383139613065636663633531373637336634343731303461343831393665313832373266376334
37653437336133623433303538646263363334613337343963616130653565616663646564346637
33313534346663613636653630393861366235363335663665353533336664363535623631663961
30653635346231646236343231326137613037346437313030623530353531613563373537646233
32356539383537633632393132356130613666366635393638656434383335616162333432663536
32623339396634316635326363326462383435343038666431626333656263306237613437363864
36306135343061356233613162616361626532336166343539613264656661633939386638346138
37303436363663356563353533613437626436346666366636616330326262623663633239623038
35333765376533383964393832323338653734663131346531386333633237396134373261663138
30633662663836333039353438383934373164346434313961653631653266346639326535386534
38313861633830313430383261656437313065656262343132393862643362386563646435633465
30363837373139383466313632653066343733643835366235656164646438633031376263346562
62623235633366663738333764356465613138666464646333633663333864636232633133313461
63376135643435396166343530313730626462313131353034323034323634643730323339393961
64376339386163646565343639363161636230356534353966336462666537313439383034616462
31653937643135303637333764393264643632653862363661333630663132386565393762666130
33313461376439363939396562343461366534303733623231616533336136326162356561383465
63653636626534333630323534333237333163373839353833396435623234323362353937616466
39376637613163306361343166646238663063626339346230633031366335346233633736356530
35323939356232336130643436306561373965313030313138313639646462373534306632393137
33646236313432653334383436326633326165623366646466326639303732666438363636306161
31313233636336313666396131356366383030346630343761343132383166626235623361646632
30346632303334353138363937623931353933643334313063383232376637663736333239323033
61356434373263656335663964316664333362363930636636353438363264323632396233376537
34626630653137326537313032336630643963323763663734346438343964353538346638323036
38386363386331386464663031336162323038306231623034383061656466383663633963653735
32636665323265646630613764343332396361326138653461386638643631623839313163623239
63633632393763633563643364343233363534353130346634373066353930666230316262316433
66633332396365323433653239383736373263663133396462663966346264623532333062303136
39646366353039363330386164663162643365376365643730343362353064323639363262326663
61616362613139383037653234373432326165326366353831653465333938303833363931356537
31613330333835623938343539656637623738373964306565303639396164396163323335306664
39663834386162303666303330343737643332323862353833633131653833313963663264303136
62623364386635366665373266653433393539303733393530343166363132373035336365646366
34653961663366353332396662663536666537626338356236393734653431336132326533656466
30653163373366346436623239663533333565326462383337316432663266396130373736343730
36666333326565303161393165353663386666303762643530636330313966383437336361633665
36373034303539623861646632316561623536373461353065653161626462636665656134613235
35663838646435666263333431306165656165643463383537356630636563616464643166346431
38383135373964663638616134373766336233363038333133383339656136616564626436303266
37386165343131323337333031616139313361636631366534636264653861623336336232616561
36343164343163386161323464313030653238313832353237386332613362306535353039396364
62383331376230323230363934616563313634663334613463633666316464626632356235393165
39383162393236333035373763393562366366663864333264373961613035356539373233343562
30646138653238646332386162613738393837333264636538646232643963663662393262313035
66633033303338393935613461346436666438643334633535396264363161353236353562323961
35373163633864663133363838616635346339376165613138636632333239373939653731306636
38343865666435653931666561356364656531613136356130656565353536633031306338333562
34643261323235643535656666656231376164653438326462323636303633316136363532373637
33333734376563613239616235316662613733313666346132373765343464636263363166616135
30393730663562613764636537623330623438633865326533336465393530633830383035656537
66356166373434383635336539666137363163383761653164623635666230306262323932376132
30333561323562393130346434356231343061303033376564393162333666663766333637363038
63373364363562643963633737653063313538393738623839316232633961363361306236366138
63366435363639343134363862313566396134383236343830336436393839333263623663666330
35316663306133373633343266313866383730346161373533373130346634633063393131383838
66346534383663626232636365316531376336316237313263393138613661303030323964643062
31333231323466343737613032656536656162393933656134376639303637366662363561346432
38363764636561376138323833616637633263646335633234663862633662656334326632613865
66376534376561336165346231333439333862326363306563653066313166626461383330623834
37663963353261633331336636626161613466623765363566343464636336363333356639323462
63393835666334663130343666613731383833663331616439306332633966626233323364636364
37343863636462616632636330663966343362326334306630313734633466333363616338663962
64383139393264303835613265393462366630383863386262343039333637656337626239316137
65346437646465393866343865363264363430623737346431366534663361306139623765633066
63346630356336643932333364666331383337633430663734363062343337656166313335653465
31313266393564326635303566316636363066373765313366626235373434303231613961623161
30616335393838313839343264653438393132656661393031633066613362316430326633313264
66663432343838663061326630373166313164306430353434643633613538336666303837393738
30373332383562616466666465396364343638653739323861616364363438363837626161663564
39656639623237626139323737616239313864336333333762363335643334353163333666623937
37303464333662336165333831613965636432643031643033383931373936626534643164643739
63376162353835333236383762636539653632393765323735653864323536356638643463396232
66356137306462633133303136656463356236373962373036336236636263386263313934653330
31623839343137353133363035626561313833636165373866363937383535323530393637306562
30396430326437323762323837363632396264363036343630633064616234386238643066613863
64353435666438346135353564643163643665383632363834373661616165646639623635333632
66383666376332313039633131313539396466653661363761323435383635653838366164376363
35313831383439313537363338363066313061363033663662663231353563303164393835653039
37663132343338333161643136636433346333656537616136396531383434363661386264616332
31373462333630373739313166623732303865323062313036343238626333333262373034613164
63396439313864353131346233393834633736313332356161623434356338656438336230643038
37623530653161396434353461333732306365633335666666373964363535333862633534306135
66336161383239653533306263636463623834343530326164323338383832623566663137383031
30653136663361653161393234383461363734643162353437313530303338393161306563353637
64333237376233343264633365623164663039636237653431363233363165303838386231353936
30326234636638643763383064646335636363613737323931396666303365363030356538373637
64376631656365636539316234636132323439643236613535313333376435663761383633646162
39366139333966323864386131366461326137663030393237623836646361643836626139333439
35363431353634313965343732303261366562616435623134393266356138356237636163333964
35656465373136366339316238383466636264343233303039386564306430393930363233343936
65396634333961383664643935363063313461326534666238323931393832643830326261313663
30306463633364306437366166363633326539613034303936323131316363306132356434636337
36383237626233643933336361653139333963366137653935393839313262636534643736333166
31333262333038653833623036623964353539396563313934316431663133366662343839376634
36373938393036656362316631623033636238376236326335623861343838613861636466623863
62663731396131396162626334373530666264363863353966613066383535343761613839633539
38626265373765643431303066383035306130383332626336316633356135623261353737626136
36333165313536313964343839393561336235376664626430343962346135316465646364393866
30633461353965396635396163333963346664393062356439353065363530393862323466333161
62373966333233353236636430616530616463646139636232666539303539613336313663343061
30663632326336613266656361386532366163383561623336653230386435623030326333306138
33393234356533656237373565353536653764386231333230656434383963626464616339323462
33656265666532366433653333393962613131313433316434306339323435393463666566656231
65326231353031386638376135343836623330353935323965643935376435366237303130666433
36633435326133303737376437376430663832366666623136366662633566643932613065383566
35363832333632656436363139326564656339366463396531643935646235343161343431373934
65393034666565653037326639303662306339336566323235373861666136306136613266613131
39393430346162613562366135383534643164633063323739633532333461353535343435376239
31323236333032626435326333633531306661363663623837393761336435613234383437363935
32363437613462363737306263323035313935353165353034373461306563366138323135373031
61366231376465656135656337616364333230323665383337626238346333303937343632353738
33646664353439663865643163323233323338353533376663616561333937363130333862306161
64653837316463323665323965643234363236333833356539373633323037633362346531373661
37376330643234363734396432386263623662373733366261336133653537363135396661353338
64346130623137306630373162653630613637376534643330383638306434303133313763376139
30613961633538303735326165616638656266633361666539626636663130346661353164623236
65313732373136626639346234386366623564633863656334663265393630303634313363386333
37363131393961323533396230613863636463333538336234366266376436376330363735646362
32613266383663616233316462646138343239373934663231366634363032316338336230366430
39656465346630363436363035653865356632323061313033636265303338376339383237356265
626139326236316330616532643866643366
